42044303
42032219
42027136
42035243
42031816
42024799
42034306
42025174
42014411
42011861
42007962
42013861
42019606
42003557
41995712
41985070
41980224
41980054
41973041
41961730
41954290
41967125
41944317
41956358
41943625
41946938
41943926
41944948
41940724
41933477
41924988
41916895
41917203
41914404
41910195
41921632
41906498
41906421
41903524
41885168
41888798
41876468
41882924
41876257
41867115
41865043
41865015
41862447
41860213
41854242
41853934
41862116
41840852
41841354
41844572
41840669
41840760
41834744
41837702
41839895
41833302
41832179
41826292
41823688
41827019
41823049
41826259
41822989
41819840
41817843
41814926
41817428
41819844
41821058
41812223
41804872
41807657
41808150
41803172
41807434
41807386
41807667
41797481
41794756
41795836
41794942
41802658
41793353
41790566
41788025
41791877
41787598
41783973
41781333
41775630
41775730
41776059
41773038
41772280
41772577
41770499
41766534
41858824
41760601
41761003
41744383
41746269
41746794
41749398
41748966
41760540
41738073
41741413
41736627
41735520
41733140
41735276
41736253
41734468
41736391
41741261
41724804
41723240
41717725
41717722
41720986
41721220
41711036
41711563
41711016
41711027
41711307
41715191
41708731
41705888
41708990
41708610
41706597
41707120
41708743
41702838
41703546
41703571
41693293
41699683
41693365
41698928
41699650
41692957
41691075
41691085
41690937
41698494
41684288
41686355
41685690
41692294
41685427
41680336
41687614
41687605
41678263
41680121
41677840
41673394
41673994
41673034
41663776
41679629
41664627
41665137
41666077
41664592
41660749
41663925
41657350
41663718
41663787
41663793
41657329
41656183
41652971
41650465
41653923
41651853
41645906
41650956
41641603
41642203
41644957
41641470
41639368
41639020
41638638
41643666
41636300
41639367
41631318
41629396
41630603
41629739
41629319
41629930
41623253
41630084
41627438
41621043
41620404
41614983
41617686
41611678
41614655
41615086
41607347
41609251
41609126
41604324
41606324
41605887
41601327
41606031
41601387
41606393
41591929
41593078
41593190
41593652
41582686
41582673
41582624
41582719
41592563
41582706
41588186
41586896
41582713
41586969
41582707
41580968
41575738
41574838
41578141
41575158
41571439
41571750
41568751
41568991
41571662
41568910
41564329
41565812
41556720
41556516
41556401
41559948
41555756
41549709
41799222
41550041
41548972
41548001
41546624
41536180
41539653
41536231
41537674
41540723
41538407
41539657
41531275
41535999
41532711
41531417
41527516
41527177
41526154
41527088
41527836
41526386
41526308
41526335
41526713
41524914
41525051
41525811
41517975
41519779
41513885
41511051
41514464
41514124
41521655
41501441
41507605
41506899
41502030
41498146
41501052
41501455
41498167
41494042
41489225
41489676
41489418
41486841
41491310
41484648
41480663
41483808
41477814
41476161
41468521
41469680
41457630
41457100
41455754
41510010
41453996
41453949
41453989
41449183
41437834
41443768
41444822
41431247
41444030
41433923
41432177
41430471
41428972
41430474
41424190
41432109
41423499
41423737
41422102
41413063
41420091
41420059
41427784
41410051
41510015
41404848
41405813
41406190
41406966
41402492
41398093
41398964
41397852
41392312
41397247
41392721
41392485
41390896
41390495
41389220
41389086
41384763
41388501
41381491
41381862
41367352
41369706
41372612
41366519
41360763
41360924
41371569
41359812
41359119
41354618
41354807
41360282
41351515
41350724
41347868
41347930
41489615
41346311
41346291
41338548
41348092
41376701
41332423
41331565
41328535
41331940
41331000
41331442
41326797
41327404
41321131
41320894
41318778
41338924
41313715
41316341
41307986
41299830
41310669
41307550
41309446
41307492
41308649
41293963
41426517
41314529
41290924
41288385
41291214
41290702
41291434
41292109
41288677
41277359
41276810
41277231
41283214
41286028
41285856
41276867
41277009
41273480
41272236
41270243
41272275
41269241
41272394
41275934
41271758
41263044
41264521
41266313
41267520
41261532
41259055
41261149
41255333
41260215
41254269
41250800
41247457
41260345
41248836
41258029
41239155
41234047
41242647
41242594
41237769
41232533
41222691
41222499
41225737
41223403
41320625
41223317
41216933
41219170
41216641
41216962
41218647
41218069
41223859
41217516
41208810
41211611
41214178
41213803
41230815
41213452
41213312
41195545
41198471
41199119
41196562
41195504
41194561
41191433
41197634
41194582
41187789
41186735
41187271
41192429
41187753
41178127
41163528
41195074
41159374
41159883
41160891
41159851
41150835
41143604
41161566
41134617
41134649
41138725
41133935
41134486
41126782
41128295
41125850
41122974
41121761
41120592
41117954
41118507
41118267
41111330
41109915
41108268
41105705
41109471
41109214
41099671
41098077
41102520
41092386
41106537
41089024
41092388
41102120
41090622
41091539
41092938
41090693
41091550
41087739
41091925
41086021
41086359
41087271
41077575
41113448
41077560
41076718
41074909
41074713
41071681
41071356
41066214
41065806
41059675
41059649
41060801
41056431
41055720
41058046
41056017
41052410
41051174
41052624
41046991
41042626
41043008
41044891
41036971
41037262
41034611
41034402
41033339
41032356
41034455
41031579
41033306
41025601
41026511
41025955
41017281
41042191
41021598
41017080
41014644
41022336
41016526
41006718
41016527
40996552
40994214
40995679
40999283
40997915
40993327
40991403
40992927
40991402
40987870
40987772
40986337
40977616
40984672
40983989
40983521
40975783
40971219
40970289
40964975
40963040
40968625
40963014
40958773
40974062
40972758
40972788
40955450
40957726
40955177
40956522
40961930
40955600
41000133
40955529
40962048
40948237
40971701
40944830
40944736
40936387
40936409
40946168
40932698
40934472
40926669
40924493
40924570
40923905
40923183
40930097
40926304
40925874
40920168
40915893
40908820
41017831
40911392
40910503
40911484
40914517
40905113
40908125
40912446
40899335
40912447
40899307
40903641
40900000
40907933
40891224
40897845
40891441
40891301
40891081
40889284
40890988
40888463
40889301
40890944
40886377
40884718
40884094
40877611
40902599
40878641
40880287
40879476
40883017
40885185
40874745
40867073
40862353
40866703
40857739
40856434
40858777
40876780
40854290
40855368
40853368
40854413
40848208
40841514
40839073
40836917
40848723
40839160
40848866
40839344
40838367
40841180
40836916
40833934
40846110
40851370
40828198
40827392
40827096
40827606
40825345
40840442
40820815
40817413
40817880
40815195
40815265
40810206
40801272
40801265
40804783
40820451
40808817
40796306
40795259
40789654
40788257
40789160
40784728
40785111
40789561
40783774
40795655
40779328
40795378
40784402
40780838
40773741
40771145
40794720
40767573
40770461
40765520
40770487
40762500
40774252
40764406
40762031
40763254
40759857
40754751
40754843
40751892
40750755
40752587
40745001
40745490
40878422
40738993
40728009
40728011
40726332
40726255
40719007
40719844
40719814
40719625
40717498
40719854
40721312
40715950
40721003
40814741
40715452
40708565
40711961
40709436
40712642
40705969
40702248
40700607
40698632
40698412
40713945
40692416
40694484
40689965
40686458
40685583
40684764
40695280
40679467
40674033
40671607
40671385
40670083
40670204
40664603
40664506
40653538
40657822
40653133
40653307
40644565
40638227
40637361
40641182
40637641
40637158
40631712
40625054
40622580
40621745
40624356
40624834
40618281
40619172
40623538
40616775
40609970
40608819
40617460
40617472
40609032
40605752
40602783
40599061
40591254
40614717
40589382
40588367
40583549
40599987
40580471
40582565
40576419
40588997
40576587
40581243
40570244
40571328
40569152
40570203
40578356
40557998
40554456
40553021
40554366
40602409
40554763
40549513
40578366
40579225
40536408
40531172
40526244
40576268
40532863
40523398
40521655
40522165
40524138
40530253
40518739
40518738
40515814
40511778
40514196
40512503
40517817
40504024
40506610
40500382
40503589
40509667
40509697
40506243
40506481
40501392
40494548
40495676
40498105
40495547
40511807
40491322
40495471
40493172
40493405
40494543
40489690
40490258
40490365
40491176
40490553
40485260
40499807
40490045
40481695
40482008
40490151
40478522
40476819
40499535
40476595
40469047
40474509
40471549
40482694
40472257
40470541
40464317
40464451
40459880
40459335
40461717
40459645
40459577
40456835
40462756
40446213
40455971
40456057
40452229
40540650
40448618
40449992
40448668
40448363
40446205
40440725
40439790
40439222
40449823
40437234
40466646
40423577
40424086
40421724
40417821
40419676
40415503
40420431
40413671
40415268
40407247
40410591
40410391
40406967
40405472
40401787
40401611
40403183
40398401
40396618
40436019
40409463
40391431
40394760
40391855
40404079
40409267
40389608
40389309
40376928
40372350
40372955
40372399
40373795
40374558
40370251
40369366
40414763
40364741
40359302
40360742
40359380
40358985
40374144
40368802
40359424
40356068
40354564
40367947
40355132
40355725
40354278
40346444
40354900
40347376
40346285
40340569
40340518
40348092
40347216
40340618
40341239
40348070
40332468
40373768
40331622
40327657
40329138
40327524
40321080
40334836
40323311
40366325
40324955
40328346
40320799
40318219
40324631
40316876
40316676
40317819
40316772
40308215
40305856
40305844
40307351
40306263
40305757
40302620
40301616
40318635
40306904
40311879
40311730
40296211
40299711
40295334
40289733
40289913
40295836
40293966
40295925
40306478
40318637
40285445
40285848
40288520
40279166
40279373
40275486
40277015
40281355
40270134
40272019
40272250
40274392
40272909
40265279
40265659
40267240
40268299
40311620
40263251
40260888
40262092
40260464
40257126
40258520
40254160
40247687
40251446
40244302
40252966
40243162
40252728
40247125
40238464
40247805
40280134
40241317
40232843
40230260
40234040
40223682
40230168
40262613
40223426
40223213
40223166
40245862
40228783
40220071
40220038
40221857
40228782
40250432
40214400
40231536
40211788
40210441
40207400
40207546
40198662
40197741
40195949
40193478
40186559
40183384
40188975
40183397
40209712
40185693
40187569
40176633
40176748
40178988
40173305
40172026
40175316
40170493
40180833
40176316
40171762
40167163
40164869
40159904
40159305
40156684
40151845
40152644
40156144
40156170
40156221
40153714
40158790
40147945
40145591
40148722
40155271
40148595
40148704
40154937
40138633
40135498
40135929
40139901
40131364
40130682
40172030
40147741
40125983
40139308
40121584
40121541
40121340
40120133
40116868
40117221
40122456
40114648
40113738
40110772
40128944
40127118
40105957
40106419
40108086
40100313
40088131
40088134
40086870
40087148
40085950
40087862
40079782
40089081
40079219
40074350
40089183
40074853
40073998
40070225
40070273
40068875
40068122
40066778
40081376
40070117
40063066
40059796
40064698
40064652
40059543
40064423
40055972
40053670
40053485
40053324
40053833
40067489
40048079
40067253
40055113
40042123
40042555
40045741
40044823
40042954
40042765
40073109
40040474
40037812
40037840
40033574
40029136
40116813
40019175
40014454
40061839
40014257
40012510
40012512
40014129
40011630
39998441
40000145
40000232
39995299
39989326
39993792
39995083
39994482
39991811
39987503
39988451
39988918
39988727
39987289
39985313
39984721
39978927
39980124
39979680
39999832
39978321
39976298
39976312
39970126
39983908
39964763
39964105
39963716
39962981
39960059
39960739
39957481
39953785
39950756
39953207
39945552
39948420
39963927
39947921
39936473
39939153
39939720
39939759
39934982
39932147
39933073
39935321
39921884
39918047
39916610
39918281
39924070
39909480
39936435
39913197
39936414
39913168
39909484
39907589
39905948
39910692
39921194
39903545
39903527
39895322
39895055
39891514
39929251
39890741
39887636
39882873
39882604
39881214
39878299
39877991
39892392
39875209
39873719
39873737
39884572
39866089
39870034
39870879
39862154
39865316
39854692
39864542
39846165
39847438
39840753
39842856
39836190
39836637
39848539
39835723
39837576
39831649
39832791
39832665
39827915
39825608
39821319
39817745
39817796
39821469
39812756
39807649
39809515
39809530
39801425
39818217
39818206
39803985
39814220
39792309
39824192
39791367
39792367
39789889
39789730
39788155
39786591
39786676
39785120
39784116
39777708
39788286
39775947
39793567
39761340
39763071
39805049
39762647
39805073
39890409
39881569
39753773
39747604
39747665
39741393
39741407
39757604
39727181
39753129
39730949
39718816
39717882
39725172
39711217
40030690
39715634
39719159
39710579
39704273
39698928
39702590
39698833
39721587
39720129
39694813
39690272
39690135
39694033
39680074
39681106
39686674
39686665
39671120
39672679
39674499
39668564
39672232
39659246
39655881
39655413
39665884
39657127
39662682
39651654
39648561
39645618
39648562
39642330
39638551
39656631
39661534
39617840
39622311
39612104
39613930
39642879
39606932
39607497
39610006
39607004
39588948
39587668
39580771
39579174
39653038
39591963
39575842
39773742
39572476
39569430
39565367
39610242
39558222
39556020
39566725
39556309
39556060
39535377
39532743
39531066
39531736
39532546
39536958
39520556
39511125
39541978
39505798
39497344
39482469
39476247
39473391
39477463
39465486
39466374
39463428
39460530
39490749
39446991
39441505
39878527
39439047
39507614
39432435
39434256
39431292
39414691
39402944
39402722
39392541
39388214
39382973
39383211
39373584
39364866
39363867
39360443
39350409
39323318
39320016
39313516
39298017
39297504
39287768
39267308
39246148
39252166
39248060
39227432
39223866
39223031
39215931
39215102
39279645
39207796
39191504
39187926
39166841
39162929
39128885
39110393
39092661
39092595
39090455
39085678
39083243
39086238
39188045
39073418
39072487
39060634
39049492
39047938
39039682
39039668
39018108
39013796
38979761
38964305
38946032
38934409
38925346
38910278
38902975
38878213
38858073
38844639
38852666
38804632
38805142
38801644
38758508
38691280
38647962
38597955
38573002
39436241
38534130
38367020
38353487
38318698
38315510
38317471
38189364
38157085
38063330
37952247
37816988
37801254
224594
36055247
35979956
35982347
35960932
35869673
35852770
35836403
35789322
35676375
35639031
35575971
35527182
35507286
35364189
35165376
34933629
34886734
34549797
32316822
32381356
32067738
32085902
32008760
31354100
30817317
30909167
30932217
30924173
30400043
30053067
29797006
29747866
29293410
28856689
28710687
28300641
28434166
28185040
26700683
27885497
28126924
28181008
27096228
27127268
26104714
25647226
24124088
24178566
22453983
21736955
22130716
21971182
21451148
21342018
21805248
21873635
19254352
17238490
10929410
8115395
